random: 7229 : 7229 : 1794.5401911735535
kdtree: 0 : 7229 : 4234.977783918381
genetic: 6492 : 7229 : 23668.397197961807
